Density Matrices

state: 0.0     eng: 0.0     s(s+1): 3.6256     ms: 1.4496
0.999087	 0.000079-0.000032j	-0.000109-0.000111j	-0.000502-0.000297j	-0.000166-0.000173j	0.000210+0.000403j	0.000158-0.000024j	-0.005608+0.000593j	-0.000241-0.000779j	0.000736-0.000332j	0.001606-0.002283j	-0.001966+0.010672j	-0.000296-0.001180j	0.001016-0.000939j	
0.000079+0.000032j	0.998243	 -0.000124-0.000026j	0.000595-0.001524j	-0.000196-0.000031j	-0.001119-0.000355j	-0.000045+0.000057j	0.004706-0.010375j	0.000018+0.000565j	0.000326+0.000471j	0.004811+0.006512j	-0.010833-0.011010j	0.000482-0.000348j	0.000101-0.001199j	
-0.000109+0.000111j	-0.000124+0.000026j	0.990388	 -0.000035-0.000022j	-0.012861-0.000617j	-0.000091-0.000028j	0.000505-0.003762j	-0.000010-0.001285j	-0.026980+0.004481j	0.008672-0.005711j	0.000081+0.000193j	-0.000305+0.000310j	-0.014559-0.016010j	0.001880-0.078360j	
-0.000502+0.000297j	0.000595+0.001524j	-0.000035+0.000022j	0.996179	 -0.000082+0.000042j	0.000995+0.001620j	0.000183+0.000009j	-0.024000+0.011117j	-0.000017-0.001445j	0.000138+0.000079j	0.000285-0.021803j	0.005911+0.043352j	0.000068-0.000182j	-0.000086-0.000445j	
-0.000166+0.000173j	-0.000196+0.000031j	-0.012861+0.000617j	-0.000082-0.000042j	0.973506	 -0.000302-0.000007j	-0.000845-0.003600j	-0.000525-0.002593j	-0.047564+0.017581j	0.001412+0.016519j	0.000146-0.000334j	-0.000762+0.001383j	-0.004942-0.007381j	-0.003164-0.147797j	
0.000210-0.000403j	-0.001119+0.000355j	-0.000091+0.000028j	0.000995-0.001620j	-0.000302+0.000007j	0.998584	 -0.000062+0.000035j	0.003798-0.016347j	0.000138+0.000832j	-0.000022-0.000053j	0.009860+0.008824j	-0.022214-0.014624j	-0.000397-0.000101j	-0.000209-0.001471j	
0.000158+0.000024j	-0.000045-0.000057j	0.000505+0.003762j	0.000183-0.000009j	-0.000845+0.003600j	-0.000062-0.000035j	0.993622	 0.001010-0.000782j	-0.002521+0.021072j	-0.038500+0.018009j	0.000079+0.000543j	-0.000333-0.002210j	0.009977+0.053843j	-0.022022-0.004725j	
-0.005608-0.000593j	0.004706+0.010375j	-0.000010+0.001285j	-0.024000-0.011117j	-0.000525+0.002593j	0.003798+0.016347j	0.001010+0.000782j	0.774558	 0.007557-0.006654j	0.001840-0.000122j	0.084387-0.161259j	-0.120754+0.344208j	-0.000759-0.000273j	-0.013237-0.001257j	
-0.000241+0.000779j	0.000018-0.000565j	-0.026980-0.004481j	-0.000017+0.001445j	-0.047564-0.017581j	0.000138-0.000832j	-0.002521-0.021072j	0.007557+0.006654j	0.863198	 -0.076410-0.054375j	-0.009080-0.000313j	0.019367-0.002072j	-0.122617+0.043979j	0.092805-0.270966j	
0.000736+0.000332j	0.000326-0.000471j	0.008672+0.005711j	0.000138-0.000079j	0.001412-0.016519j	-0.000022+0.000053j	-0.038500-0.018009j	0.001840+0.000122j	-0.076410+0.054375j	0.605275	 0.003381-0.005632j	-0.001581+0.000784j	-0.095747+0.452241j	0.089605+0.016560j	
0.001606+0.002283j	0.004811-0.006512j	0.000081-0.000193j	0.000285+0.021803j	0.000146+0.000334j	0.009860-0.008824j	0.000079-0.000543j	0.084387+0.161259j	-0.009080+0.000313j	0.003381+0.005632j	0.837268	 0.299449-0.042252j	0.007225-0.002369j	-0.001248-0.000930j	
-0.001966-0.010672j	-0.010833+0.011010j	-0.000305-0.000310j	0.005911-0.043352j	-0.000762-0.001383j	-0.022214+0.014624j	-0.000333+0.002210j	-0.120754-0.344208j	0.019367+0.002072j	-0.001581-0.000784j	0.299449+0.042252j	0.386251	 -0.000873+0.000518j	0.006341-0.001368j	
-0.000296+0.001180j	0.000482+0.000348j	-0.014559+0.016010j	0.000068+0.000182j	-0.004942+0.007381j	-0.000397+0.000101j	0.009977-0.053843j	-0.000759+0.000273j	-0.122617-0.043979j	-0.095747-0.452241j	0.007225+0.002369j	-0.000873-0.000518j	0.424253	 -0.052407-0.023223j	
0.001016+0.000939j	0.000101+0.001199j	0.001880+0.078360j	-0.000086+0.000445j	-0.003164+0.147797j	-0.000209+0.001471j	-0.022022+0.004725j	-0.013237+0.001257j	0.092805+0.270966j	0.089605-0.016560j	-0.001248+0.000930j	0.006341+0.001368j	-0.052407+0.023223j	0.159589	 

state: 1.0     eng: 0.5295606327010773     s(s+1): 3.5552     ms: 1.4121
0.966498	 -0.001256+0.001614j	0.000047-0.000005j	-0.001042+0.000351j	0.000158-0.000484j	-0.000966+0.005755j	-0.000079+0.000011j	-0.056754-0.004067j	-0.000694+0.001121j	-0.000186-0.000383j	-0.015455+0.127474j	0.013832+0.058312j	0.000003-0.000654j	0.001139+0.000344j	
-0.001256-0.001614j	0.994019	 -0.000033-0.000009j	-0.000602-0.002129j	0.000137-0.000011j	-0.004766-0.000520j	-0.000081+0.000045j	0.007199-0.024417j	-0.000035+0.000584j	0.000412+0.000422j	-0.005919+0.010353j	-0.008104-0.007464j	0.000699-0.000332j	-0.000113+0.000179j	
0.000047+0.000005j	-0.000033+0.000009j	0.986660	 -0.000043+0.000062j	-0.003726-0.001940j	0.000295-0.000110j	-0.001160+0.001539j	0.000412+0.001047j	0.026171+0.004510j	0.009100-0.023415j	-0.000781-0.000003j	0.001241-0.000362j	-0.010324-0.013883j	0.004631-0.034098j	
-0.001042-0.000351j	-0.000602+0.002129j	-0.000043-0.000062j	0.993305	 0.000016+0.000085j	0.000494-0.000893j	0.000276+0.000009j	-0.022771+0.007470j	-0.000010-0.001962j	-0.000011+0.000137j	-0.004666-0.025985j	0.007698+0.051452j	0.000261+0.000012j	0.000234-0.000114j	
0.000158+0.000484j	0.000137+0.000011j	-0.003726+0.001940j	0.000016-0.000085j	0.990102	 0.000094-0.000029j	0.000662-0.000509j	-0.000285+0.000267j	-0.010042-0.002503j	-0.000885+0.014093j	0.003219-0.000859j	-0.000839+0.000208j	0.010507-0.001858j	-0.004718-0.042770j	
-0.000966-0.005755j	-0.004766+0.000520j	0.000295+0.000110j	0.000494+0.000893j	0.000094+0.000029j	0.993759	 0.000009-0.000296j	0.012615-0.025935j	-0.002428+0.000465j	0.000123+0.000526j	-0.030849+0.015438j	0.001256-0.019212j	0.000004-0.000381j	-0.000464+0.000265j	
-0.000079-0.000011j	-0.000081-0.000045j	-0.001160-0.001539j	0.000276-0.000009j	0.000662+0.000509j	0.000009+0.000296j	0.987744	 0.000126-0.000539j	0.006517+0.039290j	-0.036654+0.021572j	-0.000468+0.001568j	0.000144-0.001975j	0.013821+0.069340j	-0.004901-0.001865j	
-0.056754+0.004067j	0.007199+0.024417j	0.000412-0.001047j	-0.022771-0.007470j	-0.000285-0.000267j	0.012615+0.025935j	0.000126+0.000539j	0.717469	 0.004244-0.000310j	-0.000288+0.000244j	0.068886+0.101837j	-0.078922+0.306652j	-0.000184+0.001567j	0.002327+0.000853j	
-0.000694-0.001121j	-0.000035-0.000584j	0.026171-0.004510j	-0.000010+0.001962j	-0.010042+0.002503j	-0.002428-0.000465j	0.006517-0.039290j	0.004244+0.000310j	0.804145	 -0.065871-0.020850j	-0.014965+0.000945j	0.014768+0.000776j	-0.144816+0.045493j	0.008027-0.016859j	
-0.000186+0.000383j	0.000412-0.000422j	0.009100+0.023415j	-0.000011-0.000137j	-0.000885-0.014093j	0.000123-0.000526j	-0.036654-0.021572j	-0.000288-0.000244j	-0.065871+0.020850j	0.647209	 0.003145-0.001014j	-0.001610+0.003080j	-0.125667+0.406711j	0.010067-0.008615j	
-0.015455-0.127474j	-0.005919-0.010353j	-0.000781+0.000003j	-0.004666+0.025985j	0.003219+0.000859j	-0.030849-0.015438j	-0.000468-0.001568j	0.068886-0.101837j	-0.014965-0.000945j	0.003145+0.001014j	0.298706	 0.087327+0.054905j	0.006216-0.000477j	-0.002535+0.004443j	
0.013832-0.058312j	-0.008104+0.007464j	0.001241+0.000362j	0.007698-0.051452j	-0.000839-0.000208j	0.001256+0.019212j	0.000144+0.001975j	-0.078922-0.306652j	0.014768-0.000776j	-0.001610-0.003080j	0.087327-0.054905j	0.410716	 -0.004253+0.000883j	0.000650+0.003016j	
0.000003+0.000654j	0.000699+0.000332j	-0.010324+0.013883j	0.000261-0.000012j	0.010507+0.001858j	0.000004+0.000381j	0.013821-0.069340j	-0.000184-0.001567j	-0.144816-0.045493j	-0.125667-0.406711j	0.006216+0.000477j	-0.004253-0.000883j	0.428843	 -0.004871+0.000343j	
0.001139-0.000344j	-0.000113-0.000179j	0.004631+0.034098j	0.000234+0.000114j	-0.004718+0.042770j	-0.000464-0.000265j	-0.004901+0.001865j	0.002327-0.000853j	0.008027+0.016859j	0.010067+0.008615j	-0.002535-0.004443j	0.000650-0.003016j	-0.004871-0.000343j	0.780825	 

state: 2.0     eng: 0.639417254755017     s(s+1): 3.5006     ms: 1.3906
0.973223	 0.002959-0.001238j	-0.000131-0.000073j	-0.006009-0.000328j	-0.000271+0.000321j	0.003115-0.004023j	0.000249-0.000026j	0.016829+0.019386j	0.000801-0.002152j	0.000739+0.000255j	0.016480+0.065762j	-0.008294+0.055028j	-0.000060-0.000186j	-0.001260-0.001263j	
0.002959+0.001238j	0.991634	 -0.000103-0.000045j	-0.000426-0.004701j	-0.000186+0.000032j	-0.001031-0.000823j	0.000058+0.000049j	0.003550-0.023217j	-0.000547-0.000255j	0.000274-0.000335j	-0.005649-0.010036j	-0.001430-0.005958j	-0.000144-0.000354j	0.000118-0.000916j	
-0.000131+0.000073j	-0.000103+0.000045j	0.988495	 0.000017-0.000034j	-0.013753+0.001889j	-0.000253+0.000070j	0.003355-0.004933j	-0.000339-0.001788j	-0.026148-0.009598j	0.008833-0.004924j	0.000530+0.000493j	-0.001092+0.000162j	-0.016055-0.017556j	-0.003915-0.076979j	
-0.006009+0.000328j	-0.000426+0.004701j	0.000017+0.000034j	0.994106	 -0.000019-0.000062j	0.000723+0.000986j	-0.000168-0.000007j	-0.012788+0.004541j	-0.000235+0.000947j	-0.000274-0.000030j	-0.000618+0.011306j	0.003518+0.027138j	-0.000064+0.000271j	-0.000195-0.000139j	
-0.000271-0.000321j	-0.000186-0.000032j	-0.013753-0.001889j	-0.000019+0.000062j	0.972688	 -0.000228-0.000001j	0.001554+0.006776j	0.000247-0.001792j	0.032134+0.004969j	0.002154+0.013144j	-0.002286+0.000439j	0.000009+0.000499j	-0.005825-0.009002j	0.006223-0.122415j	
0.003115+0.004023j	-0.001031+0.000823j	-0.000253-0.000070j	0.000723-0.000986j	-0.000228+0.000001j	0.990188	 0.000097+0.000233j	-0.010140-0.034590j	0.001292-0.000405j	-0.000111+0.000096j	0.028653-0.012548j	-0.024489+0.001420j	-0.000059-0.000074j	0.000404-0.001335j	
0.000249+0.000026j	0.000058-0.000049j	0.003355+0.004933j	-0.000168+0.000007j	0.001554-0.006776j	0.000097-0.000233j	0.980236	 0.000283+0.000273j	-0.010232+0.094503j	-0.033775+0.009836j	0.000465-0.002461j	-0.000098+0.001392j	0.003309+0.040691j	0.003287+0.009343j	
0.016829-0.019386j	0.003550+0.023217j	-0.000339+0.001788j	-0.012788-0.004541j	0.000247+0.001792j	-0.010140+0.034590j	0.000283-0.000273j	0.786843	 -0.000961+0.001993j	0.002015-0.000930j	-0.046624-0.095280j	-0.051468+0.111238j	-0.001247-0.002654j	-0.010887-0.001405j	
0.000801+0.002152j	-0.000547+0.000255j	-0.026148+0.009598j	-0.000235-0.000947j	0.032134-0.004969j	0.001292+0.000405j	-0.010232-0.094503j	-0.000961-0.001993j	0.430867	 -0.000163-0.003771j	0.013212-0.002105j	-0.005472-0.000421j	0.015940-0.004590j	0.006267-0.034231j	
0.000739-0.000255j	0.000274+0.000335j	0.008833+0.004924j	-0.000274+0.000030j	0.002154-0.013144j	-0.000111-0.000096j	-0.033775-0.009836j	0.002015+0.000930j	-0.000163+0.003771j	0.657675	 -0.000168-0.002006j	-0.000279-0.002517j	-0.105417+0.412451j	0.082759+0.038176j	
0.016480-0.065762j	-0.005649+0.010036j	0.000530-0.000493j	-0.000618-0.011306j	-0.002286-0.000439j	0.028653+0.012548j	0.000465+0.002461j	-0.046624+0.095280j	0.013212+0.002105j	-0.000168+0.002006j	0.730957	 -0.003155-0.056127j	0.000578-0.000706j	0.002525-0.005553j	
-0.008294-0.055028j	-0.001430+0.005958j	-0.001092-0.000162j	0.003518-0.027138j	0.000009-0.000499j	-0.024489-0.001420j	-0.000098-0.001392j	-0.051468-0.111238j	-0.005472+0.000421j	-0.000279+0.002517j	-0.003155+0.056127j	0.679418	 0.001820-0.000293j	0.003151-0.005743j	
-0.000060+0.000186j	-0.000144+0.000354j	-0.016055+0.017556j	-0.000064-0.000271j	-0.005825+0.009002j	-0.000059+0.000074j	0.003309-0.040691j	-0.001247+0.002654j	0.015940+0.004590j	-0.105417-0.412451j	0.000578+0.000706j	0.001820+0.000293j	0.441678	 -0.068094+0.004244j	
-0.001260+0.001263j	0.000118+0.000916j	-0.003915+0.076979j	-0.000195+0.000139j	0.006223+0.122415j	0.000404+0.001335j	0.003287-0.009343j	-0.010887+0.001405j	0.006267+0.034231j	0.082759-0.038176j	0.002525+0.005553j	0.003151+0.005743j	-0.068094-0.004244j	0.381993	 

state: 3.0     eng: 0.7162156260772008     s(s+1): 3.5928     ms: 1.4238
0.991865	 -0.002194+0.002060j	0.000031+0.000039j	0.000466+0.000820j	0.000068+0.000033j	-0.002489+0.002118j	0.000060+0.000017j	-0.028916-0.021145j	0.000040-0.000084j	-0.000436-0.000283j	-0.006547+0.029123j	-0.004001+0.020147j	-0.000051-0.000210j	-0.000065+0.000274j	
-0.002194-0.002060j	0.993260	 0.000071-0.000018j	-0.000731+0.000461j	0.000200+0.000020j	-0.005886-0.000294j	-0.000029-0.000149j	-0.005915-0.044200j	-0.000533+0.000193j	0.000005+0.000037j	-0.016162+0.008803j	-0.015986+0.005876j	-0.000169-0.000126j	0.000016+0.000587j	
0.000031-0.000039j	0.000071+0.000018j	0.983385	 0.000017-0.000041j	-0.010431-0.000300j	0.000287-0.000017j	-0.000289+0.001299j	0.000056+0.001348j	-0.001071+0.006520j	-0.006984-0.039959j	0.000300+0.000046j	0.000421-0.000372j	-0.030076-0.002249j	-0.003088-0.067195j	
0.000466-0.000820j	-0.000731-0.000461j	0.000017+0.000041j	0.993585	 0.000053-0.000035j	-0.000003-0.001842j	0.000096-0.000020j	-0.000564-0.003869j	-0.000303-0.000440j	0.000204-0.000025j	-0.005759-0.024193j	-0.003734+0.034120j	0.000084-0.000169j	-0.000028+0.000108j	
0.000068-0.000033j	0.000200-0.000020j	-0.010431+0.000300j	0.000053+0.000035j	0.982380	 0.000089+0.000036j	-0.000201-0.000924j	0.000374+0.001523j	-0.009895-0.001674j	-0.012234-0.003970j	0.000225-0.000355j	0.000984-0.000407j	-0.014948+0.009075j	0.000520-0.080211j	
-0.002489-0.002118j	-0.005886+0.000294j	0.000287+0.000017j	-0.000003+0.001842j	0.000089-0.000036j	0.994123	 0.000027-0.000157j	-0.008153-0.041576j	0.000280-0.000060j	-0.000277+0.000333j	-0.020974+0.012958j	-0.007379+0.004454j	-0.000382-0.000070j	0.000279+0.001024j	
0.000060-0.000017j	-0.000029+0.000149j	-0.000289-0.001299j	0.000096+0.000020j	-0.000201+0.000924j	0.000027+0.000157j	0.985152	 -0.001060-0.000317j	-0.004324+0.065203j	-0.010484+0.008531j	-0.000093-0.000005j	0.000075-0.000163j	-0.004499+0.052607j	-0.014238-0.006546j	
-0.028916+0.021145j	-0.005915+0.044200j	0.000056-0.001348j	-0.000564+0.003869j	0.000374-0.001523j	-0.008153+0.041576j	-0.001060+0.000317j	0.545318	 0.000234+0.005671j	-0.001795+0.001178j	0.043366+0.156751j	0.054999+0.234663j	0.001029+0.003552j	0.005742+0.000454j	
0.000040+0.000084j	-0.000533-0.000193j	-0.001071-0.006520j	-0.000303+0.000440j	-0.009895+0.001674j	0.000280+0.000060j	-0.004324-0.065203j	0.000234-0.005671j	0.429002	 0.002459+0.033595j	0.000821-0.000728j	-0.001793+0.002296j	-0.062334-0.010132j	0.009236-0.191553j	
-0.000436+0.000283j	0.000005-0.000037j	-0.006984+0.039959j	0.000204+0.000025j	-0.012234+0.003970j	-0.000277-0.000333j	-0.010484-0.008531j	-0.001795-0.001178j	0.002459-0.033595j	0.652341	 0.000948+0.000875j	-0.000131+0.001870j	-0.107517+0.345010j	-0.069952-0.046423j	
-0.006547-0.029123j	-0.016162-0.008803j	0.000300-0.000046j	-0.005759+0.024193j	0.000225+0.000355j	-0.020974-0.012958j	-0.000093+0.000005j	0.043366-0.156751j	0.000821+0.000728j	0.000948-0.000875j	0.775037	 0.046530+0.034782j	0.001442+0.000042j	-0.000986+0.002438j	
-0.004001-0.020147j	-0.015986-0.005876j	0.000421+0.000372j	-0.003734-0.034120j	0.000984+0.000407j	-0.007379-0.004454j	0.000075+0.000163j	0.054999-0.234663j	-0.001793-0.002296j	-0.000131-0.001870j	0.046530-0.034782j	0.668086	 -0.001232+0.000396j	-0.001289+0.002447j	
-0.000051+0.000210j	-0.000169+0.000126j	-0.030076+0.002249j	0.000084+0.000169j	-0.014948-0.009075j	-0.000382+0.000070j	-0.004499-0.052607j	0.001029-0.003552j	-0.062334+0.010132j	-0.107517-0.345010j	0.001442-0.000042j	-0.001232-0.000396j	0.460586	 0.040737-0.102642j	
-0.000065-0.000274j	0.000016-0.000587j	-0.003088+0.067195j	-0.000028-0.000108j	0.000520+0.080211j	0.000279-0.001024j	-0.014238+0.006546j	0.005742-0.000454j	0.009236+0.191553j	-0.069952+0.046423j	-0.000986-0.002438j	-0.001289-0.002447j	0.040737+0.102642j	0.545881	 

state: 4.0     eng: 0.8509151173411738     s(s+1): 3.3081     ms: 1.2994
0.952541	 0.002993-0.002808j	-0.000139+0.000105j	-0.008647+0.000683j	-0.000058+0.000613j	0.001433-0.008115j	0.000464+0.000011j	-0.019778+0.024840j	-0.000190-0.001051j	-0.001114+0.000371j	0.006346+0.111296j	0.010279+0.104821j	0.000666-0.000220j	-0.000490-0.000623j	
0.002993+0.002808j	0.988475	 -0.000107+0.000069j	0.002243-0.006564j	-0.000046-0.000068j	-0.009486+0.004570j	0.000021-0.000234j	-0.006457-0.042507j	0.000049-0.000142j	0.000490+0.000721j	0.018898-0.007400j	-0.023748-0.011906j	-0.000045-0.000880j	0.000053-0.000632j	
-0.000139-0.000105j	-0.000107-0.000069j	0.978870	 -0.000030-0.000016j	-0.016077+0.000950j	-0.000195-0.000156j	0.004024+0.007015j	0.001371+0.000149j	0.043901-0.026997j	-0.009122-0.047082j	-0.001559+0.000794j	0.001058-0.000884j	-0.024930+0.001244j	0.004391-0.061831j	
-0.008647-0.000683j	0.002243+0.006564j	-0.000030+0.000016j	0.982826	 0.000045+0.000074j	-0.000703-0.011921j	0.000016-0.000038j	-0.000619+0.004219j	0.000433+0.000457j	-0.000759+0.000296j	0.009344+0.005321j	-0.011823+0.056210j	0.000055+0.000748j	-0.000320+0.000015j	
-0.000058-0.000613j	-0.000046+0.000068j	-0.016077-0.000950j	0.000045-0.000074j	0.970162	 0.000096+0.000035j	0.001063+0.007137j	0.000257+0.000131j	0.015698-0.003790j	0.017160+0.030431j	-0.003900+0.000407j	0.000704-0.000433j	0.043750-0.016161j	0.002890-0.103873j	
0.001433+0.008115j	-0.009486-0.004570j	-0.000195+0.000156j	-0.000703+0.011921j	0.000096-0.000035j	0.963988	 0.000106-0.000221j	0.009067-0.084212j	0.001734-0.000781j	0.000699+0.001993j	0.023963-0.020541j	0.015332+0.008666j	0.001181-0.001172j	-0.000129-0.000170j	
0.000464-0.000011j	0.000021+0.000234j	0.004024-0.007015j	0.000016+0.000038j	0.001063-0.007137j	0.000106+0.000221j	0.962585	 -0.003482+0.000975j	0.019576+0.136472j	0.005024+0.004771j	-0.000557-0.003380j	0.001245+0.002530j	-0.014340+0.060956j	-0.001135+0.014353j	
-0.019778-0.024840j	-0.006457+0.042507j	0.001371-0.000149j	-0.000619-0.004219j	0.000257-0.000131j	0.009067+0.084212j	-0.003482-0.000975j	0.711684	 -0.003229+0.007933j	0.006976-0.000851j	-0.085091+0.007750j	-0.036536+0.126115j	-0.004849-0.000091j	-0.002272+0.003085j	
-0.000190+0.001051j	0.000049+0.000142j	0.043901+0.026997j	0.000433-0.000457j	0.015698+0.003790j	0.001734+0.000781j	0.019576-0.136472j	-0.003229-0.007933j	0.408055	 -0.036725+0.178750j	0.010543+0.001208j	-0.010836+0.001862j	-0.059140-0.060569j	-0.050132-0.035347j	
-0.001114-0.000371j	0.000490-0.000721j	-0.009122+0.047082j	-0.000759-0.000296j	0.017160-0.030431j	0.000699-0.001993j	0.005024-0.004771j	0.006976+0.000851j	-0.036725-0.178750j	0.587275	 0.001759+0.002063j	-0.003509+0.000687j	-0.008663+0.350352j	0.082887+0.033216j	
0.006346-0.111296j	0.018898+0.007400j	-0.001559-0.000794j	0.009344-0.005321j	-0.003900-0.000407j	0.023963+0.020541j	-0.000557+0.003380j	-0.085091-0.007750j	0.010543-0.001208j	0.001759-0.002063j	0.697679	 -0.179916+0.005028j	0.004823+0.001305j	0.002349-0.007599j	
0.010279-0.104821j	-0.023748+0.011906j	0.001058+0.000884j	-0.011823-0.056210j	0.000704+0.000433j	0.015332-0.008666j	0.001245-0.002530j	-0.036536-0.126115j	-0.010836-0.001862j	-0.003509-0.000687j	-0.179916-0.005028j	0.630566	 -0.003949-0.000420j	-0.001597+0.002507j	
0.000666+0.000220j	-0.000045+0.000880j	-0.024930-0.001244j	0.000055-0.000748j	0.043750+0.016161j	0.001181+0.001172j	-0.014340-0.060956j	-0.004849+0.000091j	-0.059140+0.060569j	-0.008663-0.350352j	0.004823-0.001305j	-0.003949+0.000420j	0.557447	 -0.064971+0.090592j	
-0.000490+0.000623j	0.000053+0.000632j	0.004391+0.061831j	-0.000320-0.000015j	0.002890+0.103873j	-0.000129+0.000170j	-0.001135-0.014353j	-0.002272-0.003085j	-0.050132+0.035347j	0.082887-0.033216j	0.002349+0.007599j	-0.001597-0.002507j	-0.064971-0.090592j	0.607846	 

state: 5.0     eng: 0.9989459129235456     s(s+1): 3.2116     ms: 1.2538
0.953033	 -0.001173-0.004523j	-0.000083-0.001090j	-0.005744+0.001185j	0.000127-0.002041j	-0.003015-0.002853j	-0.000341+0.000020j	0.030894-0.019713j	-0.000158+0.001478j	-0.000141-0.000524j	-0.001631+0.129445j	-0.006974+0.032153j	0.000257+0.000105j	0.005628+0.000005j	
-0.001173+0.004523j	0.975939	 -0.000315+0.000235j	0.002637+0.004110j	0.000026-0.000149j	-0.022755+0.004952j	0.000193+0.001380j	-0.024795-0.111337j	0.002774-0.000736j	-0.001082-0.001331j	0.003659+0.006802j	-0.022542+0.004088j	0.002547+0.000734j	0.000271+0.000370j	
-0.000083+0.001090j	-0.000315-0.000235j	0.960890	 0.000178+0.001599j	-0.009929+0.000618j	-0.000693+0.000335j	0.001785+0.013537j	-0.000321-0.001350j	0.006051-0.005915j	-0.028399-0.097675j	0.000814-0.000320j	0.004921+0.000400j	-0.032194+0.021542j	-0.001950-0.076402j	
-0.005744-0.001185j	0.002637-0.004110j	0.000178-0.001599j	0.972373	 -0.000121+0.000521j	-0.002347-0.013530j	-0.000689-0.000022j	0.032326-0.008197j	0.001210+0.000553j	0.005270-0.001027j	0.006877-0.045039j	-0.021042+0.087771j	-0.001575-0.000782j	0.000213+0.000038j	
0.000127+0.002041j	0.000026+0.000149j	-0.009929-0.000618j	-0.000121-0.000521j	0.961026	 0.000159-0.000131j	-0.002809-0.000245j	0.000069+0.000858j	-0.018039+0.010975j	-0.002705+0.003795j	0.006932-0.000655j	0.000245-0.000119j	-0.013346+0.002007j	-0.001944-0.111239j	
-0.003015+0.002853j	-0.022755-0.004952j	-0.000693-0.000335j	-0.002347+0.013530j	0.000159+0.000131j	0.971602	 -0.000374+0.001712j	-0.005159-0.123663j	0.002634-0.000145j	0.000416-0.003070j	-0.030453+0.000204j	0.008277+0.021197j	0.002086+0.001585j	0.000063+0.000298j	
-0.000341-0.000020j	0.000193-0.001380j	0.001785-0.013537j	-0.000689+0.000022j	-0.002809+0.000245j	-0.000374-0.001712j	0.958957	 0.006187-0.001290j	0.004644+0.047764j	0.036417-0.006441j	0.000216+0.001845j	-0.000356-0.001245j	-0.026986+0.066905j	0.009904-0.007483j	
0.030894+0.019713j	-0.024795+0.111337j	-0.000321+0.001350j	0.032326+0.008197j	0.000069-0.000858j	-0.005159+0.123663j	0.006187+0.001290j	0.380611	 0.000509-0.013389j	-0.007459+0.000149j	0.023467+0.007726j	0.073849+0.090416j	0.005539-0.008671j	0.003116-0.000494j	
-0.000158-0.001478j	0.002774+0.000736j	0.006051+0.005915j	0.001210-0.000553j	-0.018039-0.010975j	0.002634+0.000145j	0.004644-0.047764j	0.000509+0.013389j	0.885582	 -0.008739+0.051903j	-0.009101+0.002377j	0.007084-0.003137j	-0.060030-0.040901j	0.024365-0.040614j	
-0.000141+0.000524j	-0.001082+0.001331j	-0.028399+0.097675j	0.005270+0.001027j	-0.002705-0.003795j	0.000416+0.003070j	0.036417+0.006441j	-0.007459-0.000149j	-0.008739-0.051903j	0.656212	 -0.002224+0.007797j	0.005603-0.011867j	0.025364+0.160393j	-0.112829-0.047363j	
-0.001631-0.129445j	0.003659-0.006802j	0.000814+0.000320j	0.006877+0.045039j	0.006932+0.000655j	-0.030453-0.000204j	0.000216-0.001845j	0.023467-0.007726j	-0.009101-0.002377j	-0.002224-0.007797j	0.434408	 0.137455+0.006865j	-0.003899+0.002917j	-0.000954+0.015819j	
-0.006974-0.032153j	-0.022542-0.004088j	0.004921-0.000400j	-0.021042-0.087771j	0.000245+0.000119j	0.008277-0.021197j	-0.000356+0.001245j	0.073849-0.090416j	0.007084+0.003137j	0.005603+0.011867j	0.137455-0.006865j	0.605163	 0.006463-0.002933j	0.000021+0.006034j	
0.000257-0.000105j	0.002547-0.000734j	-0.032194-0.021542j	-0.001575+0.000782j	-0.013346-0.002007j	0.002086-0.001585j	-0.026986-0.066905j	0.005539+0.008671j	-0.060030+0.040901j	0.025364-0.160393j	-0.003899-0.002917j	0.006463+0.002933j	0.695630	 0.039686-0.097238j	
0.005628-0.000005j	0.000271-0.000370j	-0.001950+0.076402j	0.000213-0.000038j	-0.001944+0.111239j	0.000063-0.000298j	0.009904+0.007483j	0.003116+0.000494j	0.024365+0.040614j	-0.112829+0.047363j	-0.000954-0.015819j	0.000021-0.006034j	0.039686+0.097238j	0.588573	 

